			销售收款汇总表		
编制单位:fengchao   起始日期：2019-01-01 终止日期：2019-04-29   数据过滤条件:        					
客户编码	客户名称	预收金额	应收金额	折扣金额	实收金额
10001	万进腾商贸有限公司	49957	 	 	49957
10004	大坪售后	26580	 	 	26580
10005	零散销售	84365	 	 	84365
10006	罗阳天-武隆区专卖店-何梅17783326220	54900	 	 	54900
10007	李锟-长寿桃花大道-余小群15123037348	12049	 	 	12049
10008	王海梦-渝北区回兴街道专卖店-张皓月15523325256	10620	 	 	10620
10009	李锟-南川美大-王乾锋15826211989	990	 	 	990
1001	定金账户	15000	 	 	15000
10010	王海梦-巴南区华南城-牟华13308336922	10000	 	 	10000
10013	王海梦-璧山区专卖店-丁应发18996039366	206518	 	 	206518
10014	李锟-长寿区-黄友明13368313748	3500	 	 	3500
10017	王海梦-九龙坡区西彭镇专卖店-徐老板13883422468	90279	 	 	90279
10018	罗阳天-秀山县专卖店-王俊凯18896183679	167096	 	 	167096
1002	创新渠道户	8400	 	 	8400
10020	王海梦-江津区小官山专卖店-聂小敏13648366797	454770	 	 	454770
10023	李锟-万盛区专卖店-傅建春13370751538	100570	 	 	100570
10025	罗阳天-黔江区专卖店-吴时权13996970436	39942	 	 	39942
10026	罗阳天-彭水县专卖店-曾林周13594936789	261584	 	 	261584
10027	李锟-丰都县专卖店-苏正勇17320389351	16660	 	 	16660
10028	李锟-涪陵专卖店-欧华13896660130	86887	 	 	86887
10029	李锟-合川专卖店-李灵健13399879976	124646	 	 	124646
10030	李锟-潼南专卖店-贺健全15923193789	12800	 	 	12800
10031	王海梦-九龙坡区曾家镇专卖店-唐勇13983220787	17420	 	 	17420
10032	王海梦-渝中区新华路批发商-郑平13320203551	200110	 	 	200110
10033	王海梦-永川区专卖店-陶波18623611600	185180	 	 	185180
10034	李锟-长寿-陈波13983364973	6500	 	 	6500
10035	李锟-涪陵区白涛镇专卖店-高勇13983330380	28580	 	 	28580
10036	王海梦-荣昌区-王梅13996069608	209998	 	 	209998
10037	李锟-南川区水江镇专卖店-郑志刚15023505238	66858	 	 	66858
10038	李锟-綦江专卖店-贺洪伟13594606456	84000	 	 	84000
10041	李锟-南川专卖店-王俊利13908380118	1600	 	 	1600
10042	罗阳天-彭水县-刘小文15023985889	2840	 	 	2840
10043	王海梦-鱼洞中干道专卖店-杜贞兰15723344238	29900	 	 	29900
10044	王海梦-界石曙光工业园-赵相虎13808301493	4258	 	 	4258
10045	李锟-长寿美大集成灶-雷相芳13114045376	8800	 	 	8800
10048	王海梦-大足龙水-伍敏15823806199	38400	 	 	38400
10049	王海梦-主城九区散货	43505	 	 	43505
10051	王海梦-大足双桥-王波13509427312	34410	 	 	34410
10052	王海梦-白市驿专卖店-李政15213145597	50000	 	 	50000
10053	王海梦-大足区龙水镇专卖店-赵春13896155668	26720	 	 	26720
10054	李锟-长寿帅邦-黄小波13102369338	11400	 	 	11400
10055	王海梦-长生桥专卖店-张期文13696471299	33000	 	 	33000
10058	李锟-綦江龙角路名气厨卫-冯丽15223208278	2000	 	 	2000
10059	王海梦-大足-陈莉13983273966	9500	 	 	9500
10060	李锟-潼南批发-李秀刚13350328937	80000	 	 	80000
10062	李锟-涪陵荣事达厨卫-梁永刚13638228227	1850	 	 	1850
10063	李锟-綦江九龙大道帅康厨卫-胡小松15823568881	9500	 	 	9500
10065	商渠及其他客户	38373	 	 	38373
10066	李锟-铜梁柳朋-15923286764	149175	 	 	149175
10067	李锟-丰都高仕林-18581407666	28788	 	 	28788
10068	王海梦-大足龙腾建材市场专卖店-刘平18290408883	83580	 	 	83580
10069	王海梦-大足万古-欧丽梅13308326062	6360	 	 	6360
10071	李锟-达州-余杰15182832850	49500	 	 	49500
10072	王海梦-荣昌零售	2700	 	 	2700
10073	罗阳天-黔江-白江13308272849	193140	 	 	193140
10074	李锟-南川县城专卖店-杨淳之13609463539	19560	 	 	19560
10075	李锟-涪陵马鞍镇专柜-刘成江13996771478	24400	 	 	24400
10080	罗阳天-武隆徐开福15736571888	44500	 	 	44500
10081	李锟-南川火星人陈忠祥13368044900	4290	 	 	4290
10083	李锟-散货	22360	 	 	22360
10085	王海梦-石柱秦庭会18996922419	392068	 	 	392068
10086	王海梦-大足青少年宫万家乐专卖店-田飞燕13527589490	50000	 	 	50000
10087	李锟-涪陵清溪镇-喻述琳13996813739	20000	 	 	20000
10088	李锟-长寿云集镇陶锦15223292529	5000	 	 	5000
合 计		4158236	 	 	4158236
操作员:陈璐		打印日期:2019-04-29			
