mouth,姓名,出货目标,出货,总收款,新开发收款（直营）,协助代理商开发收款,拆机次,意向数,新开专卖店,专柜新开,总拜访数,费用报销,招商海报数,日报提交,签到并服务（培训/促销/上样...）,完成自建任务p-3,求助成功p-5,帮助完成任务p-8,超长逾期扣分p-8,?上班打卡?p-1.5
May-18,李锟,,30720,34670,0,0,0,16,0,0,300,2608,0,0,0,0,0,0,0,0
May-18,王思密,,111820,112880,13730,0,,5,0,1,190,1763,0,0,0,0,0,0,0,0
May-18,王海梦,,95240,56850,123210,80000,5,0,1,3,400,3371,0,0,0,0,0,0,0,0
May-18,乌江线,,6850,50000,1320,0,0,29,0,1,212,3904,0,0,0,0,0,0,0,0
Jun-18,乌江线,,220949,200398,0,0,0,0,0,0,0,0,0,0,0,0,0,0,0,0
Jun-18,王海梦,,336720,351220,180000,0,32,10,1,1,400,1058,0,5,0,0,0,0,0,0
Jun-18,李锟,,48560,67130,9110,0,3,16,0,2,300,4555,0,11,0,0,0,0,0,0
Jun-18,王思密,,57530,100354,18200,0,12,20,0,2,200,3768,0,13,0,0,0,0,0,0
Jul-18,乌江线,,81481,70820,20000,0,0,1,0,0,1,0,0,0,0,0,0,0,0,0
Jul-18,王海梦,,40725,21663,0,0,6,10,1,0,300,3527,0,13,0,0,0,0,0,0
Jul-18,李锟,,49080,122590,112370,0,6,8,1,1,300,2744,0,12,0,0,0,0,0,0
Jul-18,王思密,,55570,48920,10550,0,8,14,0,4,210,3010,0,11,0,0,0,0,0,0
Aug-18,乌江线,,169681,190830,0,0,0,1,0,0,0,0,0,0,1,0,0,0,0,0
Aug-18,王海梦,,405371,470010,85000,30000,1,0,1,3,150,833.3,0,6,0,0,0,0,0,0
Aug-18,邓冲,,0,0,0,0,0,0,0,0,0,0,0,13,,,,,,0
Aug-18,李锟,,442394,404264,60000,0,2,9,0,1,200,1858,0,5,1,0,0,0,0,0
Aug-18,王思密,,205903,212640,41920,0,2,7,0,2,0,3081,0,10,0,0,0,0,0,0
Sep-18,乌江线,"258,750",192012,201300,0,0,0,0,1,0,0,4376,0,0,0,95,14,8,0,0
Sep-18,王思密,"274,500",149430,161980,100000,0,1,10,0,2,100,4647,23,9,0,66,4,8,0,0
Sep-18,李锟,"345,000",149670,125980,50000,40000,2,9,1,0,110,4107,9,11,1,61,12,11,0,0
Sep-18,王海梦,"360,000",138950,82470,1200,20000,3,8,0,0,160,2181.6,23,6,1,83,12,7,0,0
Sep-18,邓冲,0,0,0,0,0,0,15,0,0,111,323,0,10,0,23,1,0,0,0
Oct-18,王思密,"457,500",173570,167390,4500,0,0,7,0,0,150,1751,46,13,1,14,2,5,0,0
Oct-18,李锟,"575,000",141850,128808,10000,0,2,1,0,0,120,2313,34,12,0,53,4,4,3,0
Oct-18,王海梦,"600,000",203978,306326,131348,15000,2,10,0,3,133,1747.42,0,14,0,46,1,6,9,0
Oct-18,邓冲,0,0,0,0,0,1,12,0,0,176,0,12,19,0,24,0,1,0,0
Oct-18,王波,0,0,0,0,0,0,0,0,0,0,1802,0,0,0,47,13,3,5,0
Nov-18,李锟,0,401655,353492.6,36550,0,0,2,0,1,130,8047,0,21,2,48,6,8,3,2
Nov-18,王海梦,0,438688,424225,61860,0,1,0,0,3,240,2585,0,20,3,47,2,2,5,2
Nov-18,邓冲,0,0,0,0,0,0,0,2,0,215,381.5,0,29,1,36,0,3,0,3
Nov-18,王波,0,0,0,0,0,0,0,0,0,0,2469.5,0,0,0,51,11,6,2,6
Nov-18,杜南齐,0,0,0,0,0,0,0,0,0,47,0,0,6,0,11,1,1,0,5
Dec-18,李锟,0,653280,868403,330000,0,0,1,2,1,107,4652,0,23,9,68,4,13,0,12
Dec-18,王海梦,0,484385,542196,24980,32350,0,0,0,4,18,3042,0,16,9,59,6,10,0,8
Dec-18,邓冲,0,0,0,0,0,0,6,1,0,47,0,0,22,4,51,1,1,0,11
Dec-18,王波,0,0,0,0,0,0,0,0,0,0,3331,0,0,8,94,23,8,0,18
Dec-18,杜南齐,0,0,0,0,0,0,54,0,0,73,0,0,21,3,39,2,1,0,21
Jan-19,李锟,0,485786,434436,0,0,0,0,0,0,32,10710,0,5,1,0,0,0,0,5
Jan-19,王海梦,0,1021098,875188,9700,0,1,1,0,0,23,3275,0,6,4,0,0,0,0,5
Jan-19,王波,0,0,0,0,0,0,0,0,0,0,0,0,0,6,0,0,0,0,6
Jan-19,邓冲,0,0,0,0,0,1,6,0,0,38,0,0,12,0,0,0,0,0,3
Jan-19,杜南齐,0,0,0,0,0,0,0,0,0,9,0,0,6,1,0,0,0,0,11
Feb-19,李锟,0,196917,70937.57,10000,0,0,3,3,1,17,0,0,2,1,0,0,0,2,8
Feb-19,王海梦,0,344349,119720,0,0,0,0,0,0,5,0,0,1,7,0,0,0,1,5
Feb-19,王波,0,0,0,0,0,0,0,0,0,0,0,0,0,0,18,0,3,3,7
Feb-19,邓冲,0,0,0,0,0,0,2,0,0,3,0,0,5,0,9,0,1,0,9
Feb-19,代华强,0,0,0,0,0,0,0,0,0,0,0,0,5,0,0,0,0,0,10
Feb-19,冷瑞,0,0,0,0,0,0,0,0,0,0,0,0,5,0,0,0,0,0,11
Feb-19,犹霞,0,0,0,0,0,0,0,0,0,0,0,0,4,0,0,0,0,0,8
