mouth	name	贡献值	管理加成10%	任职副总s-100	副总点评	日报p-8	完成自建任务p-3	委派任务成功p-5	帮助任务p-8	超长逾期扣分p-8	专柜开发p-15	专卖开发p-30	贴海报p-3	拆机p-6	到店（培训/活动）p-10	拜访得分-0.15	打卡得分-1.5
2018-5	李锟	45				0	0	0	0	0	0	0	0	0	0	45	0
2018-5	王思密	43.5				0	0	0	0	0	15	0	0	0	0	28.5	0
2018-5	王海梦	165				0	0	0	0	0	45	30	0	30	0	60	0
2018-5	乌江线	46.8				0	0	0	0	0	15	0	0	0	0	31.8	0
2018-6	乌江线	0				0	0	0	0	0	0	0	0	0	0	0	0
2018-6	王海梦	337				40	0	0	0	0	15	30	0	192	0	60	0
2018-6	李锟	181				88	0	0	0	0	30	0	0	18	0	45	0
2018-6	王思密	236				104	0	0	0	0	30	0	0	72	0	30	0
2018-7	乌江线	0.15				0	0	0	0	0	0	0	0	0	0	0.15	0
2018-7	王海梦	215				104	0	0	0	0	0	30	0	36	0	45	0
2018-7	李锟	222				96	0	0	0	0	15	30	0	36	0	45	0
2018-7	王思密	227.5				88	0	0	0	0	60	0	0	48	0	31.5	0
2018-8	乌江线	10				0	0	0	0	0	0	0	0	0	10	0	0
2018-8	王海梦	151.5				48	0	0	0	0	45	30	0	6	0	22.5	0
2018-8	邓冲	104				104	0	0	0	0	0	0	0	0	0	0	0
2018-8	李锟	107				40	0	0	0	0	15	0	0	12	10	30	0
2018-8	王思密	122				80	0	0	0	0	30	0	0	12	0	0	0
2018-9	乌江线	449				0	285	70	64	0	0	30	0	0	0	0	0
2018-9	王思密	474				72	198	20	64	0	30	0	69	6	0	15	0
2018-9	李锟	514.5				88	183	60	88	0	0	30	27	12	10	16.5	0
2018-9	王海梦	534				48	249	60	56	0	0	0	69	18	10	24	0
2018-9	邓冲	326.59		96.94	59	80	69	5	0	0	0	0	0	0	0	16.65	0
2018-10	王思密	471.3		86.8	18	104	42	10	40	0	0	0	138	0	10	22.5	0
2018-10	李锟	639.36		176.36	24	96	159	20	32	24	0	0	102	12	0	18	0
2018-10	王海梦	432.95			53	112	138	5	48	72	45	0	0	12	0	19.95	0
2018-10	邓冲	312.4			12	152	72	0	8	0	0	0	36	6	0	26.4	0
2018-10	王波	450.33		162.33	58	0	141	65	24	40	0	0	0	0	0	0	0
2018-11	李锟	670.17		167.67	39	168	144	30	64	24	15	0	0	0	20	19.5	3
2018-11	王海梦	543			96	160	141	10	16	40	45	0	0	6	30	36	3
2018-11	邓冲	573.75			103	232	108	0	24	0	0	60	0	0	10	32.25	4.5
2018-11	王波	265				0	153	55	48	16	0	0	0	0	0	0	9
2018-11	杜南齐	108.55				48	33	5	8	0	0	0	0	0	0	7.05	7.5
2018-12	李锟	957.08		187.03	59	184	204	20	104	0	15	60	0	0	90	16.05	18
2018-12	王海梦	749.85		94.15	91	128	177	30	80	0	45	0	0	0	90	2.7	12
2018-12	邓冲	602.25		87.7	109	176	153	5	8	0	0	0	0	0	40	7.05	16.5
2018-12	王波	677			109	0	282	115	64	0	0	0	0	0	80	0	27
2018-12	杜南齐	584.3		96.85	112	168	117	10	8	0	0	0	0	0	30	10.95	31.5
2019-1	李锟	153.93		65.63	26	40	0	0	0	0	0	0	0	0	10	4.8	7.5
2019-1	王海梦	184.58		59.63	20	48	0	0	0	0	0	0	0	6	40	3.45	7.5
2019-1	王波	117			48	0	0	0	0	0	0	0	0	0	60	0	9
2019-1	邓冲	163.2			51	96	0	0	0	0	0	0	0	6	0	5.7	4.5
2019-1	杜南齐	125.85			50	48	0	0	0	0	0	0	0	0	10	1.35	16.5
2019-2	李锟	175.55				16	0	0	0	16	45	90	0	0	10	2.55	12
2019-2	王海梦	131.25				8	0	0	0	8	15	30	0	0	70	0.75	7.5
2019-2	王波	87				0	54	0	24	24	0	0	0	0	0	0	9
2019-2	邓冲	126.95				72	27	0	8	0	0	0	0	0	0	0.45	19.5
2019-2	代华强	87				72	0	0	0	0	0	0	0	0	0	0	15
2019-2	冷瑞	80.5				64	0	0	0	0	0	0	0	0	0	0	16.5
2019-2	犹霞	52				40	0	0	0	0	0	0	0	0	0	0	12
2019-3	李锟	139.15				0	66	20	24	0	0	0	0	0	20	3.15	6
2019-3	王海梦	209.5				16	69	10	24	0	0	0	0	0	80	6	4.5
2019-3	王波	192				0	114	45	24	0	0	0	0	0	0	0	9
2019-3	邓冲	173.55				72	57	0	0	0	0	0	0	0	30	2.55	12
2019-3	代华强	235.75				88	90	5	16	0	0	0	0	6	0	11.25	19.5
2019-3	冷瑞	238.3				88	39	5	32	0	0	0	0	0	50	4.8	19.5
2019-3	犹霞	197.15				112	45	0	16	0	0	0	0	0	0	9.15	15
2019-3	杜南齐	10.5				0	0	0	0	0	0	0	0	0	0	0	10.5
#REF!	#REF!	#REF!				#REF!	#REF!	#REF!	#REF!	#REF!	#REF!	#REF!	#REF!	#REF!	#REF!	#REF!	#REF!
2019-3	沈钰坪	4.5				0	0	0	0	0	0	0	0	0	0	0	4.5
2019-3	谭洪宇	3				0	0	0	0	0	0	0	0	0	0	0	3
0	0	0				0	0	0	0	0	0	0	0	0	0	0	0
0	0	0				0	0	0	0	0	0	0	0	0	0	0	0
0	0	0				0	0	0	0	0	0	0	0	0	0	0	0
0	0	0				0	0	0	0	0	0	0	0	0	0	0	0
0	0	0				0	0	0	0	0	0	0	0	0	0	0	0
0	0	0				0	0	0	0	0	0	0	0	0	0	0	0
0	0	0				0	0	0	0	0	0	0	0	0	0	0	0
0	0	0				0	0	0	0	0	0	0	0	0	0	0	0
0	0	0				0	0	0	0	0	0	0	0	0	0	0	0
0	0	0				0	0	0	0	0	0	0	0	0	0	0	0
0	0	0				0	0	0	0	0	0	0	0	0	0	0	0
0	0	0				0	0	0	0	0	0	0	0	0	0	0	0
0	0	0				0	0	0	0	0	0	0	0	0	0	0	0
		0															
		0															
		0															
		0															
		0															
		0															
		0															
		0															
		0															
		0															
